4640
1100
1810
1830
820
2340
1230
520
760
1670
890
2070
580
1580
590
780
880
1030
1230
1980
810
820
1290
1490
740
1140
1040
890
3290
1140
640
1550
2200
2410
1220
400
1050
600
980
480
950
1460
1340
360
740
1410
610
1030
1030
490
660
880
1250
1910
940
810
830
1080
950
870
1190
1880
840
790
1750
710
500
2210
950
2250
1330
1420
900
1140
940
1090
1260
940
1850
940
1110
650
2870
2000
1700
2000
670
1120
1520
850
2070
950
670
1070
1900
630
1340
680
610
470
920
930
850
1650
990
1690
550
1280
1720
1870
1510
1190
1280
1310
670
880
990
1040
450
850
3270
890
2260
1370
2370
1280
1170
1460
930
720
3000
930
1390
1390
2460
1280
760
1150
1450
810
1660
1270
1210
1070
1290
1150
1190
1220
850
1680
850
2860
560
790
1050
830
670
2490
1460
940
980
710
950
1100
610
720
350
1030
720
1070
550
2130
830
650
810
1490
1470
1640
670
1170
910
1120
1760
1020
1440
1250
1660
1070
980
1770
2160
1050
890
550
850
1120
1290
1140
1160
1360
1340
2250
1190
1720
1580
530
760
950
960
970
1210
820
1540
900
1770
980
1270
1250
2120
1740
1010
690
2950
2610
1090
1890
810
2020
1780
750
3330
1180
580
1800
3490
1690
2920
910
2070
1440
890
1140
1420
620
1070
1460
1200
1630
1280
1380
980
930
760
1000
1140
1160
1380
1330
1290
910
1240
940
1520
780
460
1840
900
950
1580
1130
2260
1870
1540
2580
1150
1170
2800
970
830
1830
2590
670
1170
800
1250
980
1700
2740
620
1050
2310
480
1120
1270
840
760
1560
1420
1110
980
1340
1140
2060
1960
1010
740
1850
1070
810
1170
1240
680
690
1750
830
950
560
760
900
660
880
1710
680
810
1170
930
1230
1170
670
810
1300
1210
630
1390
1280
1150
810
800
400
1140
2020
1100
900
1640
3300
1650
830
2380
1330
1040
820
1500
1080
830
1120
1420
2140
1490
1320
1120
1250
1010
1620
930
1140
620
910
1570
870
1090
930
740
860
750
930
930
1760
1600
1670
1000
720
2410
1930
1010
1320
860
1750
810
1110
1100
1220
1180
1370
1110
830
1330
2680
870
1480
1380
2760
1140
980
1960
1710
1260
2930
820
1940
1070
960
860
1640
1150
1930
960
1760
1190
1200
1200
970
1720
1170
940
1270
870
970
2490
1050
1550
1360
1820
890
1380
1020
780
1660
820
1460
730
1610
880
2010
2710
1280
530
2260
580
760
1210
1050
1860
480
1050
1370
810
1210
1520
1150
740
890
1200
1250
720
1520
1480
1570
870
660
700
2100
910
2260
820
1520
880
700
670
1690
1740
1470
3090
2470
1370
3170
1460
2400
1640
810
940
1240
790
1620
1360
1520
870
2800
340
1310
1440
1340
1230
790
810
800
1120
1430
830
900
1580
1500
870
2140
2340
850
800
880
890
1560
1260
860
710
800
1480
770
1250
3330
970
830
1330
1520
920
760
1260
900
1060
1200
2300
1000
1030
700
1040
1720
670
1630
870
1520
1250
2690
700
830
3830
1120
940
1750
2030
820
1070
890
1070
1130
2260
1260
1150
1540
1320
3020
2360
1120
1280
1270
1090
2870
1390
940
2620
890
1140
2590
770
2120
1200
1300
580
1640
2550
1500
690
1060
2040
880
890
800
1350
1170
910
1110
1420
1250
2960
1480
1550
1290
840
1750
1800
890
1500
1090
1290
600
1000
1420
2670
1190
990
960
1440
2320
1160
1390
1880
640
1270
940
1650
700
980
2150
1790
1820
1380
860
1150
1460
740
690
1220
2000
700
730
1090
1480
1470
1450
990
1140
1520
2470
1660
990
1130
890
710
2260
1190
1990
930
740
1590
1180
1700
1270
1330
2520
720
920
1610
1680
2500
800
1710
2100
1520
1130
1120
1080
940
1330
2080
1070
780
2100
1720
2400
1420
2510
700
970
1280
1470
820
910
2230
1090
830
1060
680
1750
920
1250
1380
2650
1160
1280
760
1030
560
1770
1210
1020
780
1030
1820
1330
1490
1980
2390
840
1300
1230
470
840
1360
2390
1160
1150
1990
1210
1620
1710
960
1070
980
1880
1290
990
1070
890
1170
1990
1690
1050
1670
1020
4090
1370
990
690
1600
2540
3880
920
1670
2240
1310
1830
1040
3350
2250
1250
1820
1480
1440
2390
2230
990
1150
2440
1380
1120
1060
670
1810
3410
1390
3190
1610
2370
1600
1020
1440
1520
620
950
1270
1520
1350
1470
1350
910
960
730
2600
1930
940
1470
1110
1550
750
1190
2420
1680
940
1580
1270
1840
1970
2600
1680
1180
3000
1240
920
4670
1340
900
690
1490
1700
1380
1260
1110
2140
3420
1170
1200
1130
800
620
1080
800
780
790
1060
1220
1550
1660
1330
1920
1280
1260
890
3260
890
830
2180
1410
910
2650
2610
1330
1970
790
1450
1240
2260
3940
1450
1780
1650
1080
1060
980
2160
3060
3980
1560
1160
2330
1070
1640
940
1950
1200
1590
1710
1440
1680
1990
3170
2000
1030
840
1290
1290
1120
1880
1920
1010
960
1040
790
990
1540
1070
1090
860
1650
1530
1190
2300
1490
1660
2140
1140
790
1360
960
750
1000
1010
1520
1660
1080
1940
2920
1110
1370
1370
710
1230
1370
2800
2050
1590
2360
1330
980
1780
1270
920
1750
1020
2780
1350
1080
2870
1760
740
870
1470
5870
990
840
1050
1750
1870
1760
1030
5150
1510
1290
730
910
1540
1200
640
1030
920
1280
1460
860
1510
770
1110
1770
1070
950
1560
850
1830
1070
1210
1650
1760
1420
1210
2160
810
930
1660
2300
1000
1250
1780
2090
1080
670
1290
730
2470
2420
1110
1630
1990
1760
1080
1150
1150
1820
1310
940
1420
1340
1100
750
1920
2220
680
2080
880
3330
1200
1440
1130
1520
1340
1150
1000
2700
1060
1040
1040
1970
1160
1450
4230
1280
1300
1550
710
1430
980
2420
1080
1370
990
980
1840
1210
3020
3110
1030
1050
860
810
2040
2040
2850
1770
3220
970
850
2400
1330
2460
1800
2290
3070
1470
1070
1650
5060
1520
1250
1420
1000
2080
1740
870
950
1430
1700
1250
790
1450
1260
1300
810
1120
1110
1010
3710
1090
900
1570
2420
2680
1630
1140
1440
590
1000
3870
910
3110
980
2710
1850
1530
1640
1530
930
880
1160
2370
2950
1100
1100
1940
1830
1260
1080
1200
1010
1350
1150
1160
1920
3070
1240
1550
3750
1000
700
990
1270
2510
3070
1470
1120
1770
1250
1850
1630
990
1220
890
1280
1050
1060
1820
1150
1210
1680
1610
1930
1090
1780
1300
4580
1450
1410
2080
2240
1080
1220
1250
870
820
1000
1130
1580
980
810
1180
1090
1680
1630
1850
1890
1960
1860
2300
1320
1500
2240
1370
1970
1830
1760
1190
660
1500
2320
1170
850
1670
850
2780
1110
1010
1040
1200
1400
1310
1260
1330
1760
3180
1210
2060
1160
1010
720
810
920
3480
1630
2130
660
990
1590
1120
910
1440
780
1120
2050
1950
880
1170
830
990
770
780
1180
930
1310
2080
670
2000
1190
2080
1430
1400
1770
1070
2660
1060
1380
2800
2910
1360
1440
690
1520
1120
1500
3050
960
1130
1100
880
710
920
780
1480
2470
800
1760
1250
1250
610
660
1520
800
2510
1210
1290
1400
970
2190
850
2260
1990
950
2270
1480
2000
1480
1600
1060
1530
680
860
2310
1270
770
1520
1300
1110
3090
1270
2210
1450
1040
1870
1400
1420
1430
1010
1860
1540
980
940
1420
850
2150
1120
1780
1350
1060
2240
1430
3280
750
990
980
810
980
1170
680
1300
1130
1520
1750
4610
1330
1180
960
2550
900
950
2110
1020
2120
990
1210
2160
850
1110
1030
1020
1830
1120
960
1180
1160
850
1720
710
920
1100
1810
1410
1990
1150
1030
960
2580
1520
800
1220
1630
1280
1680
1370
1280
1940
1930
620
840
2620
1350
2600
1410
1190
1160
2280
2020
1430
960
1830
1250
2820
680
730
840
630
3360
1710
950
1250
1620
820
1340
3570
1540
1280
1500
810
1230
1720
1850
970
2900
860
1160
1120
710
1500
1310
1430
890
2080
1690
770
990
1150
910
1350
850
2260
1960
1800
950
990
1270
1060
1000
1110
1210
3150
1220
1870
1720
2140
2040
1040
870
1270
910
1340
1910
2900
1340
900
1040
850
2820
920
1110
1040
990
890
1270
1130
1210
1840
1180
830
3700
2620
1360
760
1290
1440
1770
980
1370
790
1810
4870
810
1660
1260
1370
1680
1500
710
780
2830
1770
640
750
830
2780
900
1490
930
4000
2620
1250
2740
2250
760
1590
1230
800
1550
650
1370
870
1130
1550
980
1400
1020
1500
1300
1200
880
1150
1850
1490
1480
1060
1360
1230
1510
2300
1110
1190
1060
1650
2150
1410
1290
2230
2440
1370
1080
1860
840
1820
1470
2130
1030
1470
1390
1200
900
1250
3770
1570
1480
1410
1470
2260
1240
1640
1290
3040
1060
490
1490
1860
1570
990
1260
1460
980
1260
2740
920
3200
1110
1770
1370
1280
1400
1190
1850
1710
710
980
1140
1860
820
1430
1050
1000
1760
1130
890
1560
1850
1480
1180
2520
1720
1520
1440
1780
2240
1540
930
1270
1500
2080
1800
1810
1440
1290
1030
2230
2610
1000
3110
1520
1050
1160
1080
2180
1210
1820
810
1260
1120
1060
910
960
1230
2340
1750
1070
1680
1060
1620
530
1210
980
2290
1310
1930
1040
810
1040
2160
3400
1980
2750
2450
840
2140
1270
2050
3070
1350
1480
1020
1340
2120
1670
1110
1190
1200
1750
1190
1470
1130
1110
1620
1540
1630
910
1160
1180
1560
2990
1930
1050
2150
1590
1060
2890
2580
1320
1820
2000
2840
2250
2970
1470
1900
2570
1350
3370
1060
2200
800
820
790
1540
3000
810
720
1900
2260
2530
900
1250
1580
1490
920
2950
3930
1350
1040
1020
1120
950
1620
1250
1380
630
1020
720
1010
1170
1910
1370
3060
1240
1760
1740
1110
900
5900
2090
2750
2120
1750
1790
1960
1670
850
850
1850
920
810
1350
640
1070
1180
1450
1310
1400
1860
2230
1230
1050
1080
960
1170
1600
2830
1290
1880
1340
1160
1070
2240
990
2210
960
630
950
2070
1920
690
690
1600
870
1550
850
710
1090
1480
1060
1730
810
860
600
990
1210
1020
1770
1230
1650
920
1580
1900
1220
2100
940
1920
1370
960
1020
2180
1930
1050
1460
1790
1280
910
850
870
680
1370
1390
1140
1220
1190
810
870
2250
1390
1190
690
2750
1600
1830
1150
740
1930
580
1840
1290
920
900
3360
1270
1030
1320
1000
1130
1150
1310
1850
1890
1600
1300
1790
840
800
3430
1080
1060
2330
1070
2580
570
1980
1100
2200
1830
1650
1320
1480
1240
1760
890
1180
1620
1440
860
2390
1440
1300
890
1090
1100
2570
1060
970
2610
1530
1630
2460
1060
880
1720
1060
890
1010
850
1640
1330
860
1100
1090
850
1890
1900
1220
1580
2620
1160
1190
1150
1250
710
910
2390
2380
2060
810
520
650
1010
1460
1910
1000
1310
980
760
960
1220
950
860
1320
960
960
1710
1610
740
1280
1410
860
1010
2330
2590
3320
2250
2040
2010
840
1210
890
2050
1320
720
1550
990
1470
1660
1370
1360
1350
1380
820
1200
2020
2810
920
1130
1400
1940
1770
930
900
1000
1470
1900
1050
1160
1380
1010
940
1090
1820
1030
1580
1710
1370
1460
850
2610
2890
950
730
870
1140
1570
1320
970
1050
2280
1860
1050
1140
1040
1250
1110
1010
1220
1310
1680
4320
810
1530
1450
970
1960
900
3120
890
910
640
1820
940
2260
1660
1730
2450
2460
1820
1790
1910
950
1830
2790
1180
920
1940
1250
2700
630
1820
2300
600
1120
3970
1120
1350
1880
1290
1810
900
800
1030
750
860
4370
1330
1230
1110
1170
1220
850
700
760
1440
1520
1090
1300
1140
1430
1550
800
1550
1720
1560
1160
850
2210
1030
1670
530
1840
3830
1610
2470
960
750
1860
2290
1710
1790
1280
1470
900
910
3040
2080
1470
1810
1750
2760
1330
640
1180
990
3490
1370
860
870
990
2690
1210
1890
1610
1890
1080
1550
1970
2710
1940
1090
2230
1720
1370
2210
1350
1050
1740
1380
2000
1180
850
1110
1510
5500
1450
1360
850
2300
970
1640
1300
1520
1500
1330
1290
1650
1790
2330
1100
1250
2120
1890
1220
1660
710
1450
1600
950
720
2760
1560
960
680
1420
1260
830
1750
1450
2630
1400
1530
1160
1050
990
2760
1660
1280
1120
800
700
1420
2520
870
760
2710
1480
770
6500
2560
1420
1120
2520
1970
1360
830
1130
890
2530
1250
2320
1360
2290
840
1310
820
710
850
650
1620
1200
620
2510
2070
830
1430
910
1510
1150
2810
3360
1460
2760
1470
1420
1120
1400
2540
3050
760
2030
1150
2030
1060
1290
2210
1440
1770
780
1460
2020
1430
1040
1030
1830
640
1460
1720
1770
3350
1080
1470
780
1100
990
1180
1630
2460
2240
2610
1590
2080
960
1940
1680
950
1320
2410
2000
1250
990
710
1850
1590
1370
910
1050
2770
1490
1260
840
700
980
1450
1170
1170
880
1260
1020
1070
970
1130
1130
1940
2370
1190
960
1590
860
1460
1350
1660
1580
1850
3360
810
1230
1040
1220
1500
2690
1730
640
2090
1610
1500
1990
1820
1000
2650
1260
1270
2370
930
1970
2740
4710
1090
2090
1580
1090
3450
2070
1990
1160
1850
3140
1260
1800
540
810
2380
1190
1260
1920
1370
1170
1030
1230
1630
760
1340
790
1180
1840
1960
1760
1920
1000
1240
1690
1130
760
3930
1490
1020
910
2010
1970
1530
1940
2220
3180
1210
1200
870
1170
1250
1620
2380
1800
960
1360
1390
2660
1070
2440
1220
1980
1900
1050
1220
2560
1420
1130
1070
720
1950
1120
1930
2610
1820
1540
1160
1170
1310
1480
1510
1280
1290
840
1220
1120
720
1110
1250
1110
1020
2680
2810
1060
610
1880
1130
680
2170
1200
1360
1890
1950
600
1630
1000
1240
960
910
1140
2450
1160
840
800
1690
1520
970
1540
780
1080
1140
1660
1490
970
1400
810
870
1040
1060
3560
1910
1770
1110
2540
1680
1210
750
1090
940
1880
960
1380
4740
2790
910
3400
1700
1020
1260
810
830
1090
1710
2090
1890
1610
1580
2470
1220
1460
460
660
2260
1430
890
1560
990
1080
1860
1400
1570
1040
1790
550
1880
850
780
2910
2510
1280
1160
1100
1610
2190
1000
1900
980
590
1190
1050
2490
960
1000
2040
1720
850
1210
1290
1010
1150
1430
1880
1060
830
1930
2610
900
1040
2070
2100
830
1970
1160
1880
1130
850
1160
1060
930
2790
1050
830
760
1590
1050
760
1200
2750
1300
640
1310
1430
1430
1200
2320
1170
1070
1170
970
3010
810
930
1000
450
680
800
1280
1370
1260
810
2140
1230
1380
1470
840
1460
920
1950
1030
820
930
970
840
1720
700
710
1480
2500
1110
1670
1920
1180
640
1050
2050
1880
1660
1000
1290
2950
1070
2050
790
2490
1470
1140
1920
1260
1750
1270
1450
1300
1180
1520
690
1430
1830
2870
2350
2200
1980
2350
1070
4210
1590
2210
570
1520
1770
940
3350
1030
1270
2050
1760
2850
2440
680
1590
1220
2430
810
1370
1890
1050
1510
2520
1900
1070
1850
1450
2290
1070
1130
1270
1900
4970
1900
1770
2920
1230
2220
3050
1440
2360
1490
1100
1280
1630
780
2660
1520
1000
1670
1450
1620
1940
1560
1250
1640
2200
2160
1070
1310
4160
1050
2080
1460
1000
1520
2560
1450
2690
1520
2020
1030
2380
2180
3680
2630
1190
1770
1500
720
1300
1450
1250
1310
1340
1100
1510
1610
970
1750
830
1100
1230
740
780
2120
720
2110
1070
1510
2030
1120
1260
1650
2390
790
1050
900
2790
1100
3150
1530
1330
1750
1140
750
2910
1310
1990
1580
690
1080
1000
2920
890
1160
1630
640
810
830
1080
810
1120
830
1010
710
1040
2510
1400
1340
1680
1240
5750
1220
1630
1350
1740
2250
930
1310
770
1340
850
1130
1600
1690
2070
800
1630
890
1010
920
1130
3190
1230
1720
2020
1170
1270
1760
1060
2320
1440
1480
1390
2990
1780
2390
810
650
2110
1980
1090
2530
710
1180
1220
1740
1220
1420
1140
1500
1510
1660
5050
1330
2250
1130
5190
1690
2320
1900
2170
1830
1060
1790
1940
1800
1890
1090
910
940
2120
840
1640
960
1810
2110
1450
1350
3170
2170
1390
980
1990
940
2020
1440
720
1050
1520
1650
840
1790
1400
1010
1610
2660
1430
2200
1800
1790
1930
880
1210
1170
2850
1220
1350
1540
2610
990
840
1460
1760
1470
720
1660
1280
2990
1790
3430
1740
1560
2770
1760
1290
830
1540
2910
2430
1490
1130
1970
1390
1280
1150
1190
1010
1130
940
910
1810
810
1520
890
2590
790
1420
1130
900
1010
850
1030
1310
990
2700
2880
2360
1700
950
1260
1170
820
1340
2450
670
700
1590
2800
1000
1470
1220
970
1420
1270
1490
690
1300
910
2910
1000
2050
1010
3170
1620
1440
1730
2170
1810
990
860
1770
780
790
2150
2750
1300
1220
1250
1490
1280
1100
1090
1450
1650
1770
1370
1980
1590
2280
1740
1580
990
1020
960
1820
870
1380
620
1120
1830
1380
1170
2090
2080
3790
2400
870
1730
2770
1730
1780
1560
2840
1230
1310
770
1540
2290
1150
2440
2170
1110
2530
940
1960
1520
990
1750
860
1000
3170
2630
1220
1070
1590
1190
3560
720
1070
1210
2650
2020
2560
740
1310
1430
860
990
1840
2760
1170
2740
1000
1190
3250
1230
850
1130
970
1770
1520
640
1630
2960
1960
1100
2190
990
640
1060
1530
2930
1810
1250
1430
1240
910
2160
1410
2050
870
660
1980
920
920
1450
540
740
2980
1420
1070
1460
1100
1480
1690
1050
900
2190
550
1720
2160
1370
1940
1090
1290
2510
1680
1190
1170
1770
2830
1490
2090
1850
2060
1290
890
2530
3210
1100
1400
1340
2470
770
1370
1220
1730
1170
1780
1660
1790
1450
1340
3300
720
1600
1430
1390
2140
1380
2850
1050
930
1910
1850
1740
840
2080
2180
1270
2150
3350
1370
1290
2700
1160
950
1450
950
1690
2130
1570
1410
3510
2360
1110
3240
870
1400
2030
2960
840
2630
2130
2710
2160
1170
1040
1210
1060
1240
1990
1130
2020
820
1430
1870
1060
1570
1980
1470
2760
1120
1320
2770
1330
1710
750
1210
1110
1190
970
800
1810
1020
1250
1150
1710
1060
1830
1240
2660
1680
1070
1800
2060
870
840
1510
1720
810
1580
1890
1190
1610
970
1150
2740
1220
1680
1390
1670
3640
890
3140
1440
1660
910
590
2260
2840
1090
910
810
1990
1610
1530
1160
1220
1030
1070
1670
1500
2380
1790
810
1470
1380
950
930
2910
1430
860
1190
1810
1300
970
1290
1410
1840
860
1210
1210
2310
1350
1870
1290
810
1200
1630
2530
1890
1240
2020
1240
670
1090
1130
4190
740
1640
3410
1970
1410
2010
1250
670
1600
810
2000
1310
1000
1070
1450
1550
2050
2520
1160
1900
1320
830
460
1240
950
880
3950
1560
760
1240
1210
940
1470
3680
1070
1000
1870
1950
3010
690
990
3020
1170
1380
710
1060
1190
1280
860
990
1450
1090
690
900
1940
870
890
880
2090
1530
950
2620
1120
1230
1910
1930
1040
950
1440
540
2650
1070
1850
1230
1350
870
2970
870
2930
2710
3750
2220
910
1630
1110
1050
740
1140
1830
1030
1510
540
1170
2660
1430
1140
420
2170
2540
1600
820
920
1800
700
2120
970
1540
760
1370
1940
1870
1510
990
1370
910
1690
1200
1140
1330
1750
2420
2320
1740
2830
1750
1540
2890
1190
2360
2040
1050
1050
1820
1660
2480
930
3410
2040
2480
420
1530
1080
1910
2290
1030
1180
1700
1800
1820
1190
880
2000
2050
2220
3270
920
2540
1000
1480
970
2480
2150
1190
4310
1230
1360
2410
1540
890
1170
2250
1420
1600
2440
2220
1590
2840
840
880
2420
2680
1590
2550
2490
2760
1050
5290
2110
1310
1630
1250
1440
1290
2980
1730
1500
2430
1740
2970
2040
1080
880
2890
2080
1190
1460
1190
1180
1610
1040
5230
1090
1720
1940
1720
1530
1590
1150
1330
1640
1660
1610
1800
2230
1710
1150
1690
1540
830
1570
1570
1760
1380
1090
2030
950
2970
710
1060
940
920
2680
3260
1070
1010
1980
1470
1630
1960
1270
1210
2540
1070
1420
810
1350
1740
2610
2180
1860
2000
2490
1470
1040
1140
1940
690
3230
2600
1240
1230
2520
720
1810
1920
1380
1610
1320
920
1410
590
3880
1720
1650
1150
800
1050
1270
1010
2070
1050
2280
1930
1650
1780
790
3570
940
2480
2260
990
1100
2880
1300
2050
1860
1170
3100
1840
850
2070
1550
3280
1090
1400
930
1220
640
1770
2200
790
2330
1500
690
2150
1850
2620
5060
1090
1050
1170
1720
3780
1510
2040
1050
920
2060
1820
3210
1300
580
710
890
1200
960
1520
1590
2300
1320
1290
5380
2590
4530
2150
890
760
980
1560
1130
960
1110
1040
1170
1370
1570
780
1190
1670
710
2520
2140
740
1560
2710
620
1960
1540
700
1620
2440
1360
1910
1040
1700
690
680
1200
1030
1980
810
1840
1710
2650
1220
1040
770
840
1990
1140
930
1650
1360
3320
1600
710
1400
1380
1350
1160
770
1670
1830
1400
2200
2260
1940
1340
2090
1360
1350
980
920
2200
2190
1700
1890
1280
890
1980
1180
2000
1120
3970
1340
3540
1200
1730
1090
1330
2290
1840
1100
2860
1170
1540
3000
1030
1960
990
2170
1720
1320
800
870
2280
390
1000
1090
1490
4770
1540
1840
850
1870
1020
1710
1570
1560
1790
1110
1570
1750
1020
3260
1530
1850
1730
1770
920
2930
1170
1210
2990
1690
1460
750
1410
1610
990
1880
1270
2520
2220
1480
1030
1330
1290
1030
2450
1390
1720
2100
2370
2330
990
1370
1750
1160
840
1950
1700
1360
1360
1430
1020
1990
1770
1790
1050
1290
970
1260
1070
1340
1570
2010
920
880
920
1370
1190
2000
3350
1010
1800
1270
2060
3570
1810
1950
970
1180
2100
2010
1700
1580
1230
2640
1890
1570
3350
1630
1970
1020
2020
2200
1500
1130
1000
850
1770
3340
1270
2020
1580
940
1050
1420
1180
1550
2150
2240
1560
2130
850
1430
1420
1080
2580
1530
1220
950
1640
950
1830
850
950
1660
750
1090
1950
2590
1540
1010
2660
1000
1850
1230
780
2970
2620
930
3190
2170
1200
1370
1220
1750
2120
1260
970
990
920
1120
960
950
1420
1150
690
1090
570
1000
3230
1790
1350
1410
3230
2230
700
2630
1580
1000
1650
1030
730
1320
1960
1360
1230
2030
740
850
850
1160
490
1000
1430
1180
1250
2930
1100
2030
1150
1670
1110
2080
1360
1340
1750
1480
1620
1700
1050
1370
940
1610
1040
2940
1900
2240
1110
1430
1190
1530
2660
810
1860
1730
1810
2140
1960
1670
950
2000
1790
1790
1340
1230
990
3860
1260
1010
1310
1110
1030
1030
1630
2470
2470
1820
1210
1530
1400
820
2800
1490
1210
1730
950
3170
2510
1100
1310
710
880
660
1080
1250
710
1700
1670
940
1710
1120
950
2000
590
880
1890
2700
840
460
2460
2050
2450
2810
2380
1140
3290
1630
1250
4580
620
1470
1800
1780
1780
670
1530
1050
1850
2310
1030
1710
1220
1870
1660
1220
1380
1130
1600
2340
1270
1360
1810
1360
1620
1710
720
760
1460
680
950
2450
2520
2210
1260
2560
2470
1860
910
610
1750
1740
1980
1220
1340
1080
1990
1140
1210
1680
1500
1690
2080
700
2140
1970
1860
2340
2610
1300
1090
1350
2870
2610
600
980
1520
1940
1070
1020
790
2020
3360
2180
1240
1700
1050
970
1230
1490
1660
1640
1540
1840
800
1800
4550
1330
3390
1890
850
2990
1580
1310
1970
1310
1240
830
1270
1360
1140
1030
2570
840
950
1010
1000
920
1730
1220
770
1030
830
1590
3300
1780
1630
900
930
1800
2240
1910
1470
3140
1250
1280
1340
1450
1300
1350
1450
3440
1860
1640
1700
1150
1190
2460
1260
1050
1690
1910
1200
2530
850
2170
1810
350
1020
850
980
820
1610
970
1090
1530
1560
1210
840
950
1360
2140
1790
1990
2500
1480
2440
2160
1910
1540
1720
1250
1300
2600
1060
1200
1830
1630
1030
1470
660
1580
1950
2080
1610
1530
1950
1300
1010
2330
780
1420
1230
1690
1960
860
760
2850
1140
820
1200
1370
1210
1100
1450
1290
1170
1270
1190
2120
4340
850
1480
470
880
1470
2260
1210
1250
1270
1380
980
2480
1060
2100
1020
850
1060
1150
690
880
1510
4630
1290
1500
1870
1110
990
1570
1300
1630
890
1260
2150
1580
1860
1180
1230
1740
1660
1220
1710
1640
1910
1460
530
1010
1530
1810
970
1240
1630
1330
1600
2180
2980
1620
1760
1540
1580
1780
2400
2280
1790
790
2320
1040
1800
3050
1090
1630
1560
1050
1200
940
1310
1030
2180
2250
1350
690
870
2600
2070
970
1480
1220
940
3090
990
940
1820
1670
1090
1980
1230
2250
1610
1290
1300
1340
3100
1640
1310
2940
1240
1500
4160
1030
1710
920
3190
1090
1430
1530
1270
2810
860
1550
970
2200
690
1290
1630
1260
640
4520
1910
890
2340
1860
1920
1000
1820
1220
480
810
2450
970
1010
960
3080
3020
2410
2760
1230
2650
1350
1800
810
1630
1440
1400
1920
4530
2220
2600
760
2730
1760
960
2450
1320
2260
1560
6410
1730
1310
1910
1810
1770
1510
1120
2360
3380
1130
2240
1100
790
1000
1700
4540
2470
1390
1940
1530
1540
3040
2100
1570
1420
1350
1480
1740
1210
1360
1350
1150
1840
1830
2490
1900
810
810
1880
1200
1130
1840
1850
1030
1920
1010
1380
2260
1640
1130
2740
2050
1740
3480
870
1580
1400
2410
3550
1380
2650
1550
850
1010
1920
1010
3130
1370
1520
1630
940
910
2190
2270
2210
1520
1230
2560
1330
2470
1750
1050
1210
1150
2140
2020
5950
570
2020
3470
2150
2460
1210
1520
1640
1450
2150
1080
2130
660
3160
1270
810
1420
700
4800
1200
1080
1450
1110
1800
1600
1230
1540
1440
1510
1430
1380
860
2050
1010
1550
1080
1250
1140
1210
910
1700
2680
1030
3220
1180
1130
3170
1360
2960
1620
930
1620
1030
1250
1690
2230
4260
2120
2950
1310
2510
1440
1280
1650
2210
1760
3180
700
3260
2180
1040
1440
2230
1030
1620
1120
1170
1140
2600
1420
2140
610
1720
680
1030
1300
1930
850
3760
1640
3180
1590
810
880
570
1220
570
1800
830
1040
700
2240
910
1110
860
1210
3500
1140
2850
910
690
2140
790
1640
860
1430
1940
890
1660
1600
2340
1820
1030
2050
1410
2340
1050
860
920
1410
2280
3060
2000
2170
2700
1400
1610
860
1750
1710
710
1440
3320
1390
1880
970
1350
2520
1150
1510
2560
1070
1420
2630
980
1500
3120
1120
3690
1850
1960
870
3250
1510
1440
1110
1470
1820
1580
1580
1630
1430
1010
580
1830
3070
1470
2230
1050
2520
1070
1020
980
2230
2810
1910
1430
1730
2600
1520
1580
960
2930
1290
1500
1500
1800
1220
1890
1970
800
1650
1320
1860
1120
1360
1050
830
620
2470
1190
1690
1760
860
1810
1110
2060
1210
1340
1810
1140
1500
980
1410
760
1780
1760
1450
990
1960
1410
1670
1080
1580
940
1110
2100
1240
1180
1410
1990
1630
580
1670
1250
790
1550
2960
830
1160
1420
3030
740
1890
2550
1880
740
1400
1080
1320
1280
2940
1330
1360
2140
1900
1040
1560
1230
1900
640
1670
2310
2160
1530
960
2150
2680
2540
1430
900
2690
1070
1880
1670
870
1200
680
1820
1680
1430
1620
700
1900
1910
1290
3400
2230
1400
1440
1970
1440
970
2090
2230
1140
1080
1630
2980
1840
830
810
1980
1540
1170
970
1140
1140
1610
2170
1860
860
1820
1850
820
1280
1290
740
1120
1860
1130
1690
1680
1710
1450
1500
1710
3300
3030
1610
1760
1990
1290
690
850
1340
1550
1620
800
950
1360
1210
2370
4060
700
1720
1370
2320
1080
1740
1570
900
2930
420
4490
2190
1100
2260
1250
1300
1330
860
1790
1200
540
980
1890
1400
1120
580
1360
2440
1300
700
1520
1050
820
2510
810
1270
4700
1580
1040
2470
1060
1660
1050
1220
1140
1030
1340
3130
620
1510
1520
1190
1550
960
1330
1550
1860
2090
2570
2730
1030
2380
820
1800
1180
1510
3500
680
1050
2600
570
2600
2100
2960
2180
1840
1440
1100
1250
990
1850
1480
1790
1380
2890
900
1150
1420
850
1940
1790
920
1620
1530
2850
1820
590
1960
2120
780
1430
670
870
790
2050
810
1610
1460
1470
1250
1290
1390
2040
2190
800
1490
2000
1250
950
1370
1070
2580
3030
1200
1420
1440
2240
1570
1680
1680
1140
1460
1700
790
1440
1230
1110
1050
1670
3170
910
1010
2430
1050
2050
1500
1260
2000
1290
2940
1220
1160
2070
2310
2040
850
770
1170
2330
1200
1150
1310
2180
1910
1080
1030
890
1100
810
2670
1950
810
970
1550
1090
960
2350
1090
1170
810
3490
930
1420
2430
1160
1250
1270
700
1130
1180
3200
1350
1040
740
1220
810
820
1170
860
1100
1190
1290
1220
710
1390
890
1500
760
1130
1770
850
2280
2640
1490
1410
2960
2330
3590
1430
1330
6040
1690
1370
1770
1520
1650
1120
1540
3330
1880
1010
2440
1180
1180
1810
1350
2040
1380
1710
800
2020
1350
2200
1310
830
1060
950
2600
1370
2490
3430
1390
1770
1180
1050
1600
1120
1040
1740
1560
1250
3920
1230
930
4480
1730
1630
1510
2120
2390
1420
1370
890
720
1540
850
2300
1030
3540
1050
2920
1450
1400
630
1170
1180
1540
1820
1570
1480
1850
1140
1570
860
1700
1510
960
5500
4330
1170
1190
2190
1450
2710
1570
1230
1620
770
2470
2230
810
3030
1530
850
1090
1000
1080
810
2040
2000
1050
4080
1240
3070
2930
1700
2190
1800
2020
1250
2630
2260
1980
1320
2410
990
2870
910
810
1610
1170
640
2670
3150
1210
1350
2050
1100
2500
750
1620
2280
1440
1120
2400
1950
1860
1950
1070
1310
1040
1130
1090
480
1650
4940
1410
1260
1190
1600
1360
3530
2880
1340
1400
840
890
2260
1260
1250
1180
3190
5230
1560
2930
1840
2500
630
2180
980
770
2390
2080
1740
860
1010
710
1040
2480
1560
2040
1030
1400
1380
4830
1590
1060
1710
2100
1130
770
1050
1760
1200
1210
1100
1100
1260
1620
1630
1740
950
1110
1620
990
1220
1080
1520
970
1780
2420
1230
2420
2080
1410
1200
1510
1780
890
2170
1450
1000
1020
1120
1320
2520
1910
1450
1040
2430
1320
1890
1090
1690
880
1030
1030
2210
920
2750
1110
1650
1290
840
1780
1030
2420
820
1210
1600
1020
1190
2540
1690
1060
990
1000
810
1310
1560
770
2520
3010
1610
1280
2210
4060
2060
1570
2460
1440
3010
2390
1500
1630
1370
3270
2420
1060
2670
1170
1500
1520
1380
2310
850
1460
1010
1740
1270
1630
5040
840
1340
1320
1040
1380
1010
1690
2130
1470
2060
1630
850
1350
1220
1330
3110
1890
2380
1970
1810
1880
1080
1430
1010
1440
1550
2180
1400
1430
1550
1560
1500
800
720
1070
1190
2410
1020
850
830
1300
880
1120
820
1570
1390
1740
980
1890
1430
3050
2200
2890
1220
1190
1780
750
1130
1580
1850
1180
3050
1060
3030
790
430
850
1410
2060
1460
4380
1400
1180
850
1000
2250
870
1310
1080
1450
1060
980
1420
2230
2820
1230
1270
820
2070
1340
2110
1720
3210
1380
1290
2210
2020
1410
1210
1780
700
1970
2460
3110
3510
860
1240
740
1500
1100
2350
1340
1390
1460
1900
2050
2480
2030
1750
2080
1420
1050
1230
1030
1250
1570
1580
2110
1160
1160
1230
1490
1800
2960
2890
1360
850
1380
2680
3370
4910
1870
2170
1130
1490
1040
2020
870
2790
700
2480
1220
2830
1920
1580
700
1450
1540
1130
3150
1040
5040
3340
1650
1260
1080
1000
950
920
2620
2020
1020
2230
1090
1350
1240
1400
1560
1500
820
1260
1760
1590
2500
2500
820
1010
3470
3020
1250
1450
3180
2090
3280
1130
1830
880
3360
850
1970
1210
1560
970
1470
1620
1490
2350
1050
1780
790
1470
1780
1070
1080
2380
1280
3070
3070
1750
1030
2240
970
2330
1030
1080
2190
2630
810
850
1820
1390
1100
2320
980
1680
1480
1660
1220
1860
1590
2950
2360
1680
780
2910
2180
2750
1390
2950
1620
700
2740
810
1730
1010
2130
900
1930
750
1750
1500
1550
690
1040
1990
1010
2480
1070
3650
1740
2390
1150
2320
1650
2560
2330
1830
2720
1690
1680
1200
1320
640
1100
2650
1660
1170
2300
1710
590
1900
1560
5570
1510
2620
1680
1680
1750
1240
1350
1640
3420
1020
1490
870
1080
1040
2690
3550
3140
1610
2620
2010
1930
2030
1920
1110
2010
1420
1360
2430
680
1440
1070
1020
2460
1140
840
3490
1090
1000
2240
1470
1250
1180
1160
750
1650
1110
1110
1650
3350
1120
1070
790
1970
1480
850
2330
1800
1740
590
690
900
3090
2050
1120
1030
2450
850
1250
1320
1080
850
1430
1340
2610
1890
1740
2650
1340
2310
2040
1210
1290
730
1130
1370
900
850
2790
1320
1480
2740
640
1310
2210
1210
3510
1660
1710
1250
1460
1510
2160
1660
2810
850
1880
2280
1600
1670
1070
1950
1250
1540
1520
1320
1140
2610
700
1530
1360
1260
1440
1090
1660
860
2160
2430
840
1900
1870
2100
690
1190
920
1190
1130
1550
1330
1280
2510
1660
1130
1550
1570
1610
2680
1490
1560
1290
1300
2090
1660
770
910
1760
1240
1200
1040
1230
1970
820
1250
1560
960
2220
1250
1030
1210
1140
910
1860
1230
1180
1450
1940
1330
2140
1020
1540
5480
810
2060
3030
760
1480
1200
2580
1140
1050
1350
1670
1060
2520
1140
1750
2860
1880
1410
1520
1390
1420
1750
3380
1270
1410
1400
910
2140
2210
2770
690
1060
1900
630
2980
1050
2220
2660
1430
2620
2360
2900
1380
850
1510
1100
990
1370
1250
1780
1310
900
2950
830
740
620
1240
1320
790
2300
860
990
2270
1250
760
840
1150
1050
1040
1140
3510
1700
2160
1090
1100
1040
2100
840
1450
1480
1050
1180
1550
850
1860
2380
790
2120
2020
690
640
2680
940
1090
1160
1000
2750
990
1680
770
1550
1320
710
1480
1400
1840
1030
1770
1640
2330
1500
1140
1220
1070
960
990
1920
4000
740
4390
2080
1730
2580
870
2700
1120
1350
1590
2530
4240
3050
1190
1300
1180
870
1570
2730
2580
2330
1160
2600
1540
1550
1610
2150
3050
2400
1260
850
740
1580
1750
1570
2600
750
820
1350
1060
1320
2910
710
1520
1730
2750
2200
2260
1710
420
2740
2150
910
1150
690
2820
1770
2280
1940
1230
1850
980
1260
960
3790
1680
510
1320
1040
990
2850
1040
1930
2220
2270
1370
1420
1930
1420
1320
850
1180
1390
2950
870
1910
1550
3130
1640
980
2640
1660
2980
1000
2560
1610
1920
1620
1130
1850
1300
1350
1920
780
1010
1370
2000
1110
2000
1840
1150
1060
1210
1400
1710
2610
1730
2140
1890
2380
1810
3010
1660
2990
1930
1500
2090
860
710
1220
1100
810
1650
810
1780
1070
3400
1270
3330
800
1540
590
1820
2560
1660
1550
1150
1250
1980
2270
850
2450
1140
1230
510
1570
2680
1320
990
2020
1810
1360
1530
780
2150
920
1510
1070
1260
970
420
2620
1200
1650
1200
1380
1200
1290
1410
1660
4580
1210
2330
2320
2510
2000
2900
1700
1500
1080
1190
1840
1870
1660
1720
2020
2510
1280
1020
1290
1080
850
1880
1830
1500
1650
1130
4600
1250
2020
1610
1390
3000
1590
840
1990
2070
1910
2340
1630
1800
1630
1050
1260
940
3470
1490
1410
1230
720
1370
1610
1440
3440
1460
2270
1180
1690
1460
3170
1320
2450
1770
1340
1120
1330
1630
2210
2330
1600
770
1200
4120
1310
1040
1390
1670
850
740
1030
1020
2220
2210
1030
800
880
1000
1110
2480
4330
2040
2420
1190
1450
1200
2130
1640
2910
1030
4350
1750
1050
740
1090
4550
2490
1390
1890
1400
640
1090
1290
790
1790
2370
1320
890
860
1690
1780
1340
1790
1190
1460
2000
900
1140
1070
1120
1390
3100
1440
1070
1230
860
980
2460
2080
1410
3660
980
2930
1910
1950
1670
840
1810
1860
2930
2280
1820
3320
1270
800
1590
3300
2030
1830
1150
860
1020
1870
1330
1540
950
1570
2010
1650
4270
3130
2040
1240
3290
1570
1420
1610
1690
1590
1170
1160
610
2270
1660
2700
1230
1560
1340
980
940
630
1130
640
1730
1690
970
1850
1430
1880
1930
1380
1640
1810
1280
2220
1870
1790
1250
1010
1840
1020
960
1400
1580
1570
980
1620
3740
3150
2360
1910
1140
3020
850
1090
1190
2210
900
2520
1890
750
1370
790
1180
1370
1150
820
1480
1990
1090
940
750
900
970
1020
2360
1060
1500
570
1940
2320
690
1120
680
1870
740
2640
1000
1760
910
1020
4160
1690
2650
3340
2340
770
4310
2010
1010
1780
1320
1860
1640
2330
690
1030
2410
1880
1460
2050
790
1110
1860
900
2860
1490
950
1730
1950
2010
1560
1070
1170
940
1130
1140
1670
740
1070
1230
1180
1540
1610
1130
680
2850
1200
1100
1410
2110
2410
1730
1660
1780
1400
2210
830
1250
1960
2790
1710
1870
2030
640
750
1470
970
2210
980
1140
1440
2520
1000
1680
1390
940
1240
1210
1050
1090
1180
730
1250
1600
2470
1600
920
1980
640
1160
1380
980
2210
1160
1040
1140
1090
1010
1310
1410
2510
1060
1990
1230
1970
980
1630
1050
1080
1430
1910
2900
1200
3770
2240
1710
1290
1620
470
1200
1360
900
1250
1580
950
1380
810
2970
1080
2290
900
1890
1110
2050
1430
1840
1150
1440
1700
1950
1790
2130
1380
1330
2090
2260
970
1190
1860
790
2590
780
980
1570
1790
1630
2220
4230
950
1180
2160
1590
1200
1450
1810
1090
910
2160
1090
970
3260
1360
1020
1020
1000
930
2240
1320
2070
900
1810
1780
1400
1440
2260
1140
640
1350
1180
1930
1020
1320
2300
1180
810
990
1530
1390
2610
3120
1250
2180
2060
1160
1680
1300
1830
870
1860
1800
1020
2000
850
1100
1190
1310
1130
1680
1480
1980
2150
1170
1000
2360
960
1560
1480
3670
1340
2870
1260
1620
890
3060
1230
1700
1450
2710
1470
1200
1160
1450
1520
2630
1340
1070
2820
910
1560
2070
1390
2760
1620
1850
1810
950
1010
430
2640
2180
2060
1360
1360
2760
1300
2440
1830
1320
1300
1720
1060
990
1430
2300
790
1340
1050
1680
1680
1080
1700
1710
1630
1330
1800
1830
1310
910
970
1130
1670
2880
1650
2440
1500
1560
1430
850
1900
1150
3020
1500
3050
990
1300
1150
2170
1000
2280
2200
2090
1630
2110
1110
2690
1320
1000
1220
800
1140
860
1880
1940
1940
1340
1180
2680
2170
1370
2350
850
2220
1760
1250
1910
1830
1490
2290
2190
1360
1080
2540
2810
2210
930
1080
1120
1410
1320
1350
2520
1150
2550
1290
1010
830
780
770
2090
670
1050
980
2510
1530
880
1560
1800
2590
2020
1260
1350
840
1230
1080
2010
1140
2920
1290
850
1090
2700
1470
1130
3150
1860
950
1580
1060
1050
1610
1190
2270
1000
1570
2000
1910
850
1010
1410
1510
1300
1830
2100
3020
1460
1330
1140
2450
1330
980
550
1010
1330
1070
1170
970
1290
1190
790
3550
1570
830
1590
1430
2130
1920
1340
1360
850
1540
1050
850
1410
2940
1210
1640
1710
1230
1690
840
2020
1140
1980
1690
1580
2560
810
1230
1700
2010
1320
1230
1790
1350
2650
700
1120
3340
4960
1980
1610
890
2590
3020
1330
2250
760
1350
1020
910
830
1270
1440
810
2130
980
1670
1960
1950
1110
2470
1320
1300
2230
1810
970
1740
2040
1940
1480
1500
1720
2820
2800
2780
1920
840
1940
1880
2280
1910
1710
1190
3260
1620
760
1730
2380
1180
620
1560
1260
2770
2890
1250
1720
3390
1290
3210
1250
1870
1460
1100
2090
960
1010
1560
1360
1880
1280
1250
2490
860
890
760
4100
2230
1270
1450
830
990
830
1930
670
3550
2620
2630
1470
1080
1980
2850
1650
2410
1550
2050
1560
870
2390
480
1030
1190
2050
2070
1370
2510
1290
1890
1130
1230
1380
1990
1110
4640
870
3190
2100
3520
3020
2560
2240
1450
1990
4810
1950
2530
1710
1600
2230
1100
2150
1700
1630
2540
1030
5790
1250
3630
5090
1650
1190
1050
1290
1340
1060
1360
2940
1930
1940
1520
1830
2300
1420
4150
2050
3920
1910
2510
1150
1810
1130
1450
1470
1750
960
1640
840
730
1980
2370
2360
1030
1650
2410
1480
980
4640
1470
1440
1230
1120
2660
1040
2940
1530
1230
4260
1610
1210
3840
1950
1790
1210
1630
1770
2070
1310
2810
1240
1280
2000
1500
1780
1480
1170
1430
850
1530
880
680
1040
1340
3140
2200
2010
1410
1110
2690
2080
1750
2450
3860
5010
2220
1810
1190
1860
1400
1510
840
640
3290
3680
1560
1340
4950
1990
1070
1290
1450
870
1860
1580
1330
980
1160
1970
910
1780
2240
2040
1630
1500
790
870
1340
1290
2370
1080
1230
870
1370
1590
2440
960
1920
1150
2100
1150
2190
1990
1090
3280
1000
960
1900
2230
3580
1440
2170
1530
1510
1450
1310
1330
720
1640
1600
1170
2550
1140
1550
1790
1390
910
1010
2650
1490
1140
1290
2190
2850
2460
1990
1510
2840
2830
2080
2230
1130
1360
1270
1250
1160
1430
1160
2200
1610
930
1380
900
1290
1300
2200
1810
1530
900
2130
3110
2890
2750
1490
960
1730
1520
2770
720
1880
4190
1480
3240
1670
1630
970
960
910
1520
1850
1120
920
2060
1040
1260
2240
2520
3070
860
2000
2630
1430
770
3190
1050
1770
2210
1720
2370
1590
2300
1400
2060
920
1230
2700
880
1090
1120
1720
1470
760
1200
2390
980
3250
1320
1200
1890
1180
1450
2690
3460
2860
3230
1750
2060
4860
3620
1030
1810
1610
810
2910
1090
1380
630
1920
1900
2550
3750
1300
1530
1180
1390
690
1400
2120
1720
3910
2340
1800
2410
1400
1970
1850
1790
920
780
970
1500
1950
1910
1080
1330
2340
1420
480
980
2340
2390
2090
1490
1470
1600
1230
810
1180
2130
1970
650
1940
2910
1030
1990
1980
2000
1320
1820
2480
2970
2060
1490
3580
1130
960
1230
1330
1970
1330
2750
3190
1270
1200
1560
2610
1420
1010
2340
2630
1120
1780
2110
1390
1400
980
1210
1820
1180
1140
1290
2070
1530
2060
1730
1020
2720
1220
1210
1490
1890
1360
1500
5640
1200
3630
3250
2250
880
760
1020
2180
780
1410
640
1010
810
1590
2350
2480
1110
810
1210
1860
1480
1630
1520
3440
1230
1810
3600
1450
1760
2560
940
1930
1120
1980
1570
1490
2650
2960
2220
610
1960
2090
1920
1570
1400
1060
1730
1300
1450
1460
850
2390
2430
1110
2670
1830
1490
1850
1490
1810
1470
1020
1540
2430
850
2890
770
900
2060
1210
1510
1900
1230
2070
1270
940
1990
1830
1610
2620
1040
3010
1730
1450
1870
2520
2170
1400
3480
2010
1500
4150
1530
1780
2700
1340
2410
960
1790
1790
990
3780
1750
1670
640
930
1700
1670
1250
1920
1050
2050
1950
880
3420
2330
2130
3660
1820
590
1880
1800
850
870
770
1230
870
1100
690
2500
2150
2170
1190
2670
1080
1270
850
2020
4040
1050
2900
1610
1420
2030
2540
1750
1410
1730
1440
2460
1880
1560
1100
960
1300
2330
1740
1620
1640
730
1080
1480
810
1240
1480
1850
1030
1360
1550
1840
810
1300
2690
1870
870
1010
1900
1790
1360
4310
1490
1200
970
1000
1710
980
1540
680
2020
1970
1100
1290
1480
2420
1050
580
1380
1440
760
2640
1080
2260
1910
1830
1120
2240
970
2470
1710
1320
1080
2290
1170
1420
1040
1410
880
2840
1400
3780
1600
1550
1820
620
1700
1460
1200
1030
1850
3060
1350
1220
2530
1880
2530
1200
840
1160
1040
1380
1090
4460
2380
1360
1220
1870
2270
930
1750
2100
1860
1840
700
1620
990
2160
1420
1010
1130
2000
1760
1960
1580
1060
1050
650
910
830
1700
1100
2120
1260
1680
960
2660
1130
1450
1060
1740
1300
1030
2180
1270
1850
1060
5480
850
1060
1960
1300
1950
1440
2300
1710
1190
980
3160
930
1690
1150
1230
1610
1250
1420
1760
1590
1970
2350
2130
1380
1540
2340
850
780
1290
2320
1270
1630
1540
1080
1020
1720
2700
1380
1250
1520
1920
1610
2690
1380
1970
3050
1130
2210
2210
1040
1040
750
620
1890
1040
1010
1550
1880
2050
1730
920
1720
2580
1160
1900
2550
1670
700
2190
2400
1500
1920
1960
2060
2730
1170
1910
1830
2590
1770
3680
2480
1350
1370
1070
1630
1630
1900
2280
2070
1210
1210
1330
1650
810
1730
1110
1680
1400
1080
1380
1700
840
980
1210
1390
940
1770
1470
2220
1060
1300
1760
1460
1190
2250
1210
1590
880
810
2290
1620
2050
1720
1750
1530
1780
1350
1120
2370
3020
1130
1640
3690
2410
1850
1030
1690
970
2100
2680
1440
1100
1600
2680
1720
1860
1310
1570
2460
1130
1860
1510
790
1060
1180
1820
2780
2230
1270
1320
1420
1380
2590
1030
1130
1820
1490
1830
810
3300
1230
1470
910
2490
2840
920
1610
1470
1370
3360
2630
970
2870
710
1790
1200
3280
2510
820
1880
1920
900
1270
2540
1610
1600
830
1800
1430
1580
1060
1670
830
1170
4290
1320
1580
940
1940
940
1850
1070
1120
1320
1900
1460
1640
2460
1220
1680
1990
2030
1390
1310
1000
810
2140
970
1390
1150
2950
2090
3160
1370
1150
740
1890
690
1840
1020
1050
2100
1390
2140
2330
1920
1020
1550
2200
1080
1980
1160
1450
2580
2040
1160
1490
1670
1890
1450
1270
2000
1930
880
1020
2240
1510
440
2650
1930
870
1680
730
590
2590
1160
960
1970
930
1060
1540
950
1490
2470
990
1860
1610
910
2060
1170
2050
2560
1090
810
2660
1060
1460
1630
1140
2330
1480
1110
2800
1390
1240
1260
850
1310
1480
770
1360
1040
1790
2450
1230
1280
1910
1100
2270
1200
1280
1620
1790
1290
1500
1900
1890
1610
1050
1800
810
2480
1090
700
1270
1550
860
1140
770
810
1930
1070
1120
2950
1200
1740
810
800
1140
670
1740
2370
3250
2880
1690
1820
2480
1530
1460
2650
570
1920
1690
3090
1480
1370
2340
1050
1590
1840
2810
2950
1320
2200
1550
1780
2510
1460
1550
1440
810
1670
1140
1980
1420
1810
1030
3640
1790
3280
3550
2110
1350
2210
1680
1820
1470
2310
1000
1890
2010
1730
3350
2160
2060
1600
2470
2990
2050
1300
2210
1090
1260
2370
2020
1450
2440
860
2570
1730
1900
1930
1520
1310
1370
840
850
2010
2140
1080
2050
970
1350
1960
630
1210
2460
840
1500
1430
1850
3270
2840
930
1050
1870
1500
1340
1930
2450
2510
2990
1600
1200
1440
1100
2010
1010
830
1060
2420
2030
1190
1590
1700
1030
1380
1390
1840
1360
1090
700
2260
1080
1720
560
1170
1070
1110
1490
1630
1010
2480
2930
1080
1760
1570
2330
1240
1150
590
2120
1270
1360
2300
1210
1520
3870
1900
960
1850
2330
1560
930
610
610
1680
1170
2770
1200
1900
2620
1260
1520
880
3270
1640
3440
1970
1330
1610
2650
1530
1600
1220
630
3450
2330
2470
1870
840
1260
2020
1660
2700
1610
1620
1270
1090
1140
1120
1850
2110
1070
1130
1000
2300
1120
1410
1510
1290
1280
2960
1710
2460
1570
1890
2340
1050
2050
800
1240
1370
2360
1720
2910
1650
3020
2050
900
2100
1630
1620
1610
2180
2390
1510
2400
1410
1150
2510
1000
1750
830
1750
1720
2390
920
2580
1290
1800
2370
1350
730
790
2310
1810
1450
1240
1000
1510
1000
2050
1580
1060
2650
1490
1930
3070
1170
3470
730
1640
1400
1590
2200
1700
1970
1360
1770
970
850
1900
2210
1330
2700
1240
2870
1610
1600
2840
1140
3570
2140
1730
1140
2050
1310
480
2200
1200
780
2750
1020
1220
780
1450
1840
1730
1100
1330
1170
2020
1440
1110
2400
1640
1740
1290
890
710
790
1350
2430
790
1090
530
2410
1010
850
970
1580
4690
1480
1160
1140
3600
1190
1220
1530
1390
1600
2920
780
1830
1970
2880
620
1480
1360
640
1550
2300
3230
1760
2130
1060
1680
1860
1110
1620
2960
2200
2230
780
1170
990
1960
1880
3390
1670
1030
690
1960
1040
1240
1280
1040
1320
850
1630
1470
1440
1950
3330
2050
1220
760
1650
1530
1410
1820
2840
1310
1590
850
1150
1030
2620
2080
1380
3980
1830
1280
610
1570
1750
1730
2440
1250
1820
1910
2320
1070
1710
1390
1320
1450
2410
1350
1100
1390
990
3350
1590
1420
2730
980
1430
1470
1000
1800
1180
1570
2440
830
2750
1330
1700
2130
870
2260
850
680
1090
1210
2370
1470
4670
1500
1610
1480
1790
1430
3170
1280
1050
2020
2230
1060
1230
3590
1350
930
1150
1410
1100
1890
1980
1800
1220
780
3080
1140
1500
1300
770
3190
2710
1380
1800
980
2130
1490
2550
1880
1760
920
2070
2510
2490
1810
2710
1570
2690
820
1090
2410
3550
2500
1080
2250
1170
610
1200
2360
1370
1750
1700
1240
1650
3030
900
1210
1180
1390
1870
2360
1740
1340
1430
2900
2730
850
1940
2800
950
1420
920
1380
2010
1550
1560
1500
1510
980
970
1330
1280
840
640
1640
2080
2300
1510
900
1180
1320
2400
2550
2250
1030
2150
1280
840
940
1530
950
1270
1760
1170
1460
2490
980
2260
2400
2080
1480
1190
920
1050
1940
1260
920
910
810
1250
910
1030
2850
2490
690
1150
980
1510
1350
1270
1450
1920
1080
1160
3510
2190
1320
1320
1410
1920
1010
1680
1580
2290
2150
4480
1650
1470
1190
1390
1370
1650
3560
1520
2330
1280
2900
1190
560
940
1060
1410
1700
1650
1500
1500
890
1040
2190
1450
1470
4080
1690
1600
1440
1730
1390
1480
1760
1360
1140
2500
2380
1430
1620
1310
1230
1800
2180
1290
1710
1930
2880
1700
1790
850
1860
4930
850
1760
1150
2320
1460
990
2430
3320
3050
640
1280
640
970
1510
730
1000
2080
2140
1760
1120
2040
1680
700
2030
840
710
850
2720
1210
1350
1120
1540
1350
920
1730
2140
1220
1890
1180
1330
1290
2990
1920
910
1550
990
1140
1680
1030
1890
1280
1050
1020
2160
840
2050
1350
1630
1030
810
4050
1320
1400
5380
1390
1670
1770
2660
1380
2290
1240
1900
1300
1000
1950
870
1160
810
830
1090
1140
2400
1310
1810
3250
850
830
640
970
1490
1310
1280
830
1070
1070
1660
1370
2100
700
1390
1080
1030
1370
1840
1940
1470
2230
2120
1550
1080
1750
2060
1000
1560
760
1310
2080
1880
1030
1830
1190
2010
710
1040
1960
1630
1050
1420
1590
2020
1400
1020
1060
1970
1600
980
1120
1360
1370
2130
2040
2160
1640
1160
1500
1640
1280
830
2870
1670
2280
620
1370
1140
2090
1320
1070
1260
1170
1220
1190
1410
1180
2200
1020
1670
950
990
1760
1220
1140
1360
1400
2440
1570
1440
2900
1860
1620
1840
2830
1860
3910
1390
1180
2810
1620
860
2650
1460
2870
1520
1420
1280
990
2060
3550
1090
2340
1110
770
1580
4270
1160
1950
1720
2410
1560
2380
1460
2050
1170
3010
1210
2130
1380
1940
1320
1820
1640
1160
2850
1560
1220
1190
1270
1830
1240
650
1230
1560
1160
2610
1400
1260
850
1420
1420
2170
2220
2310
1000
1030
2870
1860
3730
1800
1410
2010
1880
2120
1570
2250
2320
770
1180
1450
1460
2120
2610
1640
1720
1040
610
1130
2820
1240
2180
1610
1290
1540
1500
1480
1160
1680
1450
1260
1590
800
2700
930
1760
1890
1500
1470
1740
1190
1200
2530
3580
620
3150
1040
940
1250
3470
1740
1810
3330
1390
2240
2350
1630
2690
1520
2590
1300
2610
1070
1740
1420
1120
2360
1660
1790
1380
1720
1760
2050
2450
2480
990
1620
950
1200
3190
2650
1540
1290
930
1430
1380
1200
1270
630
2380
680
1480
2850
1230
1090
1420
1870
1630
1180
1580
1570
2140
1500
1850
1230
980
720
1600
1430
1210
750
2830
1130
1490
1130
1370
1250
820
1380
1020
970
1150
2280
1150
1530
4490
1270
2980
1950
1410
2320
1050
2240
1320
830
1370
2240
1190
1890
1810
1910
1570
1790
1560
1650
860
2170
1390
2610
2300
1860
1210
1310
1080
2550
1940
1030
2160
2070
1130
1070
1600
2240
1370
750
1210
1480
1320
1230
1520
1400
1660
1080
990
1810
2790
1440
2100
770
1630
3100
930
1350
840
1750
1110
1670
1540
2660
2080
640
1530
1090
1980
910
1450
990
1390
2300
3070
1330
2040
970
1180
1140
2030
990
1190
920
1300
1370
4250
810
860
2440
1130
1430
2000
1090
1110
1530
2560
1070
820
2270
990
4760
1670
1350
1950
1050
1780
1420
1220
1250
1730
1250
960
1580
1910
2730
1210
1410
1030
2760
1230
4920
3260
1350
1050
3750
1010
2940
1230
1450
2240
2430
1530
4840
770
2150
790
1000
1500
2270
2630
2640
2870
1400
1380
1880
2090
2170
760
1320
1140
1570
1340
1300
1890
1870
2410
1510
2340
3050
2190
900
1910
1460
1240
3410
2180
1240
1030
920
1420
1220
1630
1370
1140
1620
3440
1980
2730
1420
1600
1350
1350
3080
980
1450
3220
2250
1900
1380
2050
1430
1720
1410
2070
900
640
1560
1300
1340
1250
2430
1220
1050
1050
1120
1650
3870
880
2060
1750
1210
1120
1350
690
1340
940
1310
1590
1150
1530
980
1050
1630
870
1350
2430
1860
1390
3140
1620
1170
1160
810
2550
1920
1960
1760
1300
3190
3820
1590
1130
2440
2690
2390
2630
1440
900
1160
1170
2920
1080
2870
1410
940
1340
700
1380
2470
1340
1500
2130
2120
460
860
1740
830
1190
1350
1010
2530
1270
1380
1250
1130
1570
950
990
1710
1220
1350
1100
4200
1500
1120
960
1550
2540
2350
1720
2870
870
1500
2620
1730
1100
400
3800
1370
1920
1550
1710
1610
2190
1430
2370
1050
1960
840
2430
2330
2750
1440
1720
2880
1770
1870
660
1780
980
1530
1040
1000
2490
1700
960
920
1230
1500
2300
1640
3020
2170
2250
1070
1450
1830
2200
1420
2200
1760
2260
4190
2490
1340
2800
1480
1290
2410
1850
490
1680
1190
1680
900
2080
1890
1320
1800
1480
850
2060
2610
1920
1240
2000
1830
1020
1810
2990
1850
610
1580
2700
3480
1340
2790
1320
1050
1600
750
1940
1480
2440
660
1830
1150
870
1950
1490
1370
2870
1090
3580
1050
1480
1890
1220
1150
2330
3340
3070
1000
2240
2010
1580
1910
990
4550
3780
1100
890
750
1110
850
2330
1630
1490
1550
1340
1930
1070
1310
1400
820
2130
1850
1740
1690
1130
1030
1870
1830
1780
870
1520
1260
1290
1660
1980
1350
1480
1760
800
1600
910
2570
1520
1670
990
1170
2040
2980
2010
770
610
1390
3070
2650
810
1630
1700
1780
2690
2450
2410
2650
2050
1640
4190
1080
2480
1760
1180
910
860
1150
1100
2290
590
1480
1100
2580
850
1510
1670
1230
900
2800
2660
1750
1230
1300
1520
1220
2080
1180
1790
2040
1860
1470
1160
2720
1210
1230
930
1580
1570
720
980
1400
1860
2820
2930
1110
1880
860
3290
2160
1820
640
1680
2020
1840
1440
850
1650
1670
830
1530
1210
1330
1010
1040
760
1220
1160
2760
1510
1210
1390
1710
1870
1590
4430
730
1870
1740
2160
2510
2360
610
1280
990
760
1440
2870
1430
680
2200
1000
1010
1160
1300
2940
1880
1310
1520
1520
1760
2330
1560
860
3030
1000
870
1660
1550
1120
2490
980
1790
970
1460
820
2920
900
1220
860
1260
5050
1770
1270
3130
1130
2070
1690
1760
1380
1350
1660
750
690
1880
1690
930
1070
1760
760
1220
1890
1100
1110
2460
890
1440
710
900
1500
1630
910
1330
1620
3260
2360
1910
630
2010
2750
1830
950
1880
1360
1140
2110
1000
1560
1040
2680
1580
1830
1450
1310
2010
660
3310
2000
1540
790
1480
1020
3190
1500
1110
1040
1950
2090
3250
1770
2460
2510
1770
2210
1590
1670
1050
1900
990
860
1360
1210
1880
2230
1460
1050
1130
1520
2490
1330
900
920
3150
1160
2210
1310
1000
1100
3480
1090
2170
980
1780
1550
1460
1040
2180
1630
940
1770
1590
4870
1400
2090
2040
1590
3390
2130
1030
1400
1130
1190
1240
4460
1320
1810
800
2370
1930
2760
1200
1100
960
3130
2190
2010
1540
2080
1290
1910
1390
1390
1720
1690
1010
2390
2300
1210
1840
1320
1080
790
4290
1020
2890
1060
1120
1340
5020
1480
840
1300
700
1710
1390
2010
1760
1860
1380
5000
3140
2120
1620
2370
1050
1090
1100
3050
2340
610
1660
1020
1390
2050
1200
1310
2040
1900
510
1550
1320
2260
980
850
2760
870
4790
1230
850
1170
1910
3080
1410
1890
1440
690
1760
2330
3350
1050
2430
2520
820
4050
1410
2230
1450
2220
930
3440
1350
1410
2720
2030
850
4050
1030
1680
1830
2680
1540
1830
850
1990
850
1500
1490
4970
1670
2070
1320
2520
1450
1990
2060
1430
2000
2090
1400
1140
890
1950
2390
1450
1860
1150
1580
1160
2860
1570
1740
960
990
3000
1190
1240
900
740
1130
1930
1460
1730
1210
2130
1830
1450
1720
1120
830
1810
3600
900
1460
810
1170
1880
1370
1690
2410
2520
1590
1310
2720
1640
990
1840
1640
1790
2430
1590
1950
1240
2900
1300
1810
1420
2140
990
1020
2340
2280
1940
1460
460
1620
1110
610
1190
2830
2760
1460
2440
1860
1410
1400
1380
1120
1370
1000
2690
900
980
790
900
1750
1480
920
1180
450
1680
2850
1650
2370
2440
1570
1240
1930
1000
1940
1440
1050
1810
960
1840
1970
570
1580
1960
3150
800
1680
1400
2250
1460
1780
890
2450
1960
1080
4510
2170
910
1100
1590
1340
2170
850
640
1310
1490
860
900
1800
1310
1320
800
1410
1680
2030
1120
1190
1970
1110
770
1220
1370
1720
1660
1800
2080
830
1820
1280
1200
810
1840
1780
1120
1430
2680
940
2210
2810
2050
1390
1210
1450
1420
2950
